[{"bone":0.0,"x":0.0,"y":0.0,"center":[0.5,0.5714285714285714,0.5],"UV":[0.010416666666666666,0.51041666666666663,0.17708333333333334,0.4375],"texcoord":[1.0,49.0,17.0,42.0],"gridw":2.0,"uvs":[0.17708333333333334,0.51041666666666663,0.010416666666666666,0.4375],"state":-1.0,"name":"Root","lookat":[0.99909907579421997,0.0,-0.042439810931682587,0.0,0.0,-1.0,0.0,0.0,-0.042439814656972885,-0.0,-0.99909895658493042,0.0,-2.9802322387695312e-08,-0.0,5.991783618927002,1.0],"z":0.0,"vindex":0.0,"billboard":0.4294,"halign":0.0,"vsize":264.0,"scale":1.0,"symmetric":1.0,"width":16.0,"gridh":1.0,"height":7.0,"type":0.0,"angle":0.0,"texture":0.0},{"bone":1.0,"x":0.0,"y":0.0,"center":[0.5,0.33333333333333331,0.5],"UV":[0.010416666666666666,0.34375,0.17708333333333334,0.15625],"texcoord":[1.0,33.0,17.0,15.0],"gridw":2.0,"uvs":[0.17708333333333334,0.34375,0.010416666666666666,0.15625],"state":-1.0,"name":"Torso","lookat":[0.99987220764160156,0.0,-0.015988312661647797,0.0,0.0,-1.0,0.0,0.0,-0.015988312661647797,-0.0,-0.99987220764160156,0.0,-0.0,-0.0,8.3139305114746094,1.0],"z":0.0,"vindex":264.0,"billboard":0.0,"halign":0.0,"vsize":2640.0,"scale":1.0,"symmetric":1.0,"width":16.0,"gridh":1.0,"height":18.0,"type":1.0,"angle":0.0,"texture":0.0},{"bone":3.0,"x":0.0,"y":0.0,"center":[0.5625,1.1333333333333333,0.4375],"UV":[0.010416666666666666,0.15625,0.17708333333333334,0.0],"texcoord":[1.0,15.0,17.0,0.0],"gridw":2.0,"uvs":[0.17708333333333334,0.15625,0.010416666666666666,0.0],"state":-1.0,"name":"Head","lookat":[1.0,0.0,0.0,0.0,0.0,-1.0,0.0,0.0,0.0,0.0,-1.0,0.0,-0.0,-0.0,5.342562198638916,1.0],"z":0.0,"vindex":2904.0,"billboard":0.9929,"halign":1.0,"vsize":264.0,"scale":1.0,"symmetric":1.0,"width":16.0,"gridh":1.0,"height":15.0,"type":0.0,"angle":0.0,"texture":0.0},{"bone":5.0,"x":0.0,"y":0.0,"center":[0.54545454545454541,0.1111111111111111,0.54545454545454541],"UV":[0.38541666666666669,0.83333333333333337,0.5,0.73958333333333337],"texcoord":[37.0,80.0,48.0,71.0],"gridw":2.0,"uvs":[0.5,0.83333333333333337,0.61458333333333326,0.73958333333333337],"state":2.0,"name":"RForeArm","lookat":[0.0,0.99995642900466919,-0.0093372128903865814,0.0,0.0063996571116149426,-0.0093370229005813599,-0.99993586540222168,0.0,-0.99997961521148682,-5.9754962421720847e-05,-0.0063993772491812706,0.0,-0.0,3.6334313335828483e-09,8.5045299530029297,1.0],"z":0.0,"vindex":3168.0,"billboard":0.0,"halign":0.0,"vsize":264.0,"scale":1.0,"symmetric":1.0,"width":11.0,"gridh":1.0,"height":11.0,"type":0.0,"angle":0.0,"texture":0.0},{"bone":6.0,"x":0.0,"y":0.0,"center":[0.54545454545454541,0.14285714285714285,0.54545454545454541],"UV":[0.38541666666666669,0.66666666666666663,0.5,0.59375],"texcoord":[37.0,64.0,48.0,57.0],"gridw":2.0,"uvs":[0.5,0.66666666666666663,0.61458333333333326,0.59375],"state":2.0,"name":"RHand","lookat":[0.0,0.99980843067169189,0.019577361643314362,0.0,-0.050042904913425446,0.019552834331989288,-0.99855566024780273,0.0,-0.99874705076217651,-0.00097970815841108561,0.050033312290906906,0.0,1.4901161193847656e-08,-5.8789737522602081e-09,4.5536370277404785,1.0],"z":0.0,"vindex":3432.0,"billboard":0.56779999999999997,"halign":0.0,"vsize":264.0,"scale":1.0,"symmetric":1.0,"width":11.0,"gridh":1.0,"height":9.0,"type":0.0,"angle":0.0,"texture":0.0},{"bone":4.0,"x":0.0,"y":0.0,"center":[0.54545454545454541,0.090909090909090912,0.54545454545454541],"UV":[0.38541666666666669,1.0,0.5,0.88541666666666663],"texcoord":[37.0,96.0,48.0,85.0],"gridw":2.0,"uvs":[0.5,1.0,0.61458333333333326,0.88541666666666663],"state":2.0,"name":"RArm","lookat":[0.0,0.99991708993911743,0.012880375608801842,0.0,-0.02588929608464241,0.012876059859991074,-0.99958187341690063,0.0,-0.9996647834777832,-0.00033346388954669237,0.025887148454785347,0.0,-0.0,-1.4013494364917278e-08,7.6227259635925293,1.0],"z":0.0,"vindex":3696.0,"billboard":0.0,"halign":0.0,"vsize":264.0,"scale":1.0,"symmetric":1.0,"width":11.0,"gridh":1.0,"height":11.0,"type":0.0,"angle":0.0,"texture":0.0},{"bone":7.0,"x":0.0,"y":0.0,"center":[0.54545454545454541,0.090909090909090912,0.54545454545454541],"UV":[0.38541666666666669,0.5,0.5,0.38541666666666669],"texcoord":[37.0,48.0,48.0,37.0],"gridw":2.0,"uvs":[0.38541666666666669,0.5,0.5,0.38541666666666669],"state":1.0,"name":"LArm","lookat":[0.0,0.99976992607116699,-0.021453369408845901,0.0,-0.017008509486913681,0.021450268104672432,0.99962526559829712,0.0,0.9998553991317749,0.00036488982732407749,0.017004596069455147,0.0,1.4901161193847656e-08,-1.2587406672537327e-09,7.828857421875,1.0],"z":0.0,"vindex":3960.0,"billboard":0.0,"halign":0.0,"vsize":264.0,"scale":1.0,"symmetric":1.0,"width":11.0,"gridh":1.0,"height":11.0,"type":0.0,"angle":0.0,"texture":0.0},{"bone":8.0,"x":0.0,"y":0.0,"center":[0.54545454545454541,0.1111111111111111,0.54545454545454541],"UV":[0.38541666666666669,0.33333333333333331,0.5,0.23958333333333334],"texcoord":[37.0,32.0,48.0,23.0],"gridw":2.0,"uvs":[0.38541666666666669,0.33333333333333331,0.5,0.23958333333333334],"state":1.0,"name":"LForeArm","lookat":[-0.0,0.99991518259048462,-0.013025997206568718,0.0,0.0032487092539668083,0.013025929220020771,0.99990981817245483,0.0,0.99999481439590454,-4.2317678889958188e-05,-0.0032484331168234348,0.0,-1.862645149230957e-09,-1.7477077562944032e-09,8.225590705871582,1.0],"z":0.0,"vindex":4224.0,"billboard":0.0,"halign":0.0,"vsize":264.0,"scale":1.0,"symmetric":1.0,"width":11.0,"gridh":1.0,"height":9.0,"type":0.0,"angle":0.0,"texture":0.0},{"bone":9.0,"x":0.0,"y":0.0,"center":[0.54545454545454541,0.5,0.54545454545454541],"UV":[0.38541666666666669,0.16666666666666666,0.5,0.10416666666666667],"texcoord":[37.0,16.0,48.0,10.0],"gridw":2.0,"uvs":[0.38541666666666669,0.16666666666666666,0.5,0.10416666666666667],"state":1.0,"name":"LHand","lookat":[0.0,0.99973392486572266,-0.023070018738508224,0.0,-0.0072212079539895058,0.023069417104125023,0.99970781803131104,0.0,0.99997395277023315,0.0001665933959884569,0.0072192861698567867,0.0,-0.0,-1.1217707651667297e-08,4.5315737724304199,1.0],"z":0.0,"vindex":4488.0,"billboard":0.52239999999999998,"halign":0.0,"vsize":264.0,"scale":1.0,"symmetric":1.0,"width":11.0,"gridh":1.0,"height":6.0,"type":0.0,"angle":0.0,"texture":0.0},{"bone":11.0,"x":0.0,"y":0.0,"center":[0.54545454545454541,0.076923076923076927,0.54545454545454541],"UV":[0.71875,0.82291666666666663,0.83333333333333337,0.6875],"texcoord":[69.0,79.0,80.0,66.0],"gridw":2.0,"uvs":[0.83333333333333337,0.82291666666666663,0.94791666666666674,0.6875],"state":2.0,"name":"RLeg","lookat":[0.0,0.99500709772109985,0.099805168807506561,0.0,-0.99978810548782349,-0.0020547383464872837,0.020484697073698044,0.0,0.020587490871548653,-0.099784038960933685,0.99479609727859497,0.0,-1.4901161193847656e-08,-1.1920928955078125e-07,10.921462059020996,1.0],"z":0.0,"vindex":4752.0,"billboard":0.0,"halign":0.0,"vsize":264.0,"scale":1.0,"symmetric":1.0,"width":12.0,"gridh":1.0,"height":13.0,"type":0.0,"angle":0.0,"texture":0.0},{"bone":10.0,"x":0.0,"y":0.0,"center":[0.5,0.15384615384615385,0.5],"UV":[0.70833333333333337,1.0,0.83333333333333337,0.86458333333333337],"texcoord":[68.0,96.0,80.0,83.0],"gridw":2.0,"uvs":[0.83333333333333337,1.0,0.95833333333333337,0.86458333333333337],"state":2.0,"name":"RThigh","lookat":[0.0,0.99927252531051636,0.03813837468624115,0.0,-0.99984782934188843,0.00066529784817248583,-0.017431622371077538,0.0,-0.017444314435124397,-0.038132574409246445,0.99912035465240479,0.0,-0.0,-0.0,11.618764877319336,1.0],"z":0.0,"vindex":5016.0,"billboard":0.0,"halign":0.0,"vsize":264.0,"scale":1.1929000000000001,"symmetric":1.0,"width":12.0,"gridh":1.0,"height":13.0,"type":0.0,"angle":0.0,"texture":0.0},{"bone":13.0,"x":0.0,"y":0.0,"center":[0.54545454545454541,0.2857142857142857,0.45454545454545459],"UV":[0.71875,0.66666666666666663,0.83333333333333337,0.59375],"texcoord":[69.0,64.0,80.0,57.0],"gridw":2.0,"uvs":[0.94791666666666674,0.66666666666666663,0.83333333333333337,0.59375],"state":-2.0,"name":"RFoot","lookat":[-0.11650065332651138,0.0,-0.99319064617156982,0.0,-0.0,-1.0,0.0,0.0,-0.99319064617156982,0.0,0.11650065332651138,0.0,-5.9604644775390625e-08,-0.0,5.8515820503234863,1.0],"z":0.0,"vindex":5280.0,"billboard":0.40339999999999998,"halign":0.0,"vsize":264.0,"scale":1.0,"symmetric":1.0,"width":11.0,"gridh":1.0,"height":7.0,"type":0.0,"angle":0.0,"texture":0.0},{"bone":14.0,"x":0.0,"y":0.0,"center":[0.63636363636363635,0.15384615384615385,0.63636363636363635],"UV":[0.70833333333333337,0.5,0.82291666666666663,0.36458333333333331],"texcoord":[68.0,48.0,79.0,35.0],"gridw":2.0,"uvs":[0.82291666666666663,0.5,0.93749999999999989,0.36458333333333331],"state":2.0,"name":"LThigh","lookat":[0.0,0.99999970197677612,-0.00089493778068572283,0.0,-0.99999898672103882,-1.2894349765701918e-06,-0.0014408087590709329,0.0,-0.0014408094575628638,0.00089493696577847004,0.99999850988388062,0.0,-0.0,-9.3132257461547852e-10,11.741649627685547,1.0],"z":0.0,"vindex":5544.0,"billboard":0.0,"halign":0.0,"vsize":264.0,"scale":1.1782999999999999,"symmetric":1.0,"width":11.0,"gridh":1.0,"height":13.0,"type":0.0,"angle":0.0,"texture":0.0},{"bone":15.0,"x":0.0,"y":0.0,"center":[0.63636363636363635,0.076923076923076927,0.63636363636363635],"UV":[0.70833333333333337,0.32291666666666669,0.82291666666666663,0.1875],"texcoord":[68.0,31.0,79.0,18.0],"gridw":2.0,"uvs":[0.82291666666666663,0.32291666666666669,0.93749999999999989,0.1875],"state":2.0,"name":"LLeg","lookat":[0.0,0.99309384822845459,0.1173231303691864,0.0,-0.99999868869781494,-0.00018624507356435061,0.0015764905838295817,0.0,0.0015874537639319897,-0.11732298880815506,0.99309253692626953,0.0,-0.0,-0.0,10.731097221374512,1.0],"z":0.0,"vindex":5808.0,"billboard":0.0,"halign":0.0,"vsize":264.0,"scale":0.98519999999999996,"symmetric":1.0,"width":11.0,"gridh":1.0,"height":13.0,"type":0.0,"angle":0.0,"texture":0.0},{"bone":17.0,"x":0.0,"y":0.0,"center":[0.54545454545454541,0.2857142857142857,0.45454545454545459],"UV":[0.71875,0.16666666666666666,0.83333333333333337,0.09375],"texcoord":[69.0,16.0,80.0,9.0],"gridw":2.0,"uvs":[0.94791666666666674,0.16666666666666666,0.83333333333333337,0.09375],"state":-2.0,"name":"LFoot","lookat":[-0.041881315410137177,-6.2737905182075338e-07,-0.99912261962890625,0.0,-0.0,-1.0,6.2792997823635233e-07,0.0,-0.99912261962890625,2.6298533128965573e-08,0.041881315410137177,0.0,-0.0,3.0953017926549364e-13,5.6341638565063477,1.0],"z":0.0,"vindex":6072.0,"billboard":0.40749999999999997,"halign":0.0,"vsize":264.0,"scale":1.0,"symmetric":1.0,"width":11.0,"gridh":1.0,"height":7.0,"type":0.0,"angle":0.0,"texture":0.0}]